10 415852 0
20 416036 0
30 428716 1
40 352424 1
50 357876 1
61 357884 1
71 359008 1
81 356080 1
91 393612 2
101 394448 2
111 393116 2
121 393124 2
131 393132 2
141 393152 2
151 441032 3
161 372012 3
171 372720 3
181 372468 3
191 372632 3
201 372652 3
211 371444 4
221 372472 4
231 372560 4
241 372628 4
251 373228 4
261 372712 4
271 408644 5
281 406852 5
291 406852 5
301 406852 5
311 406852 5
321 417236 6
331 417760 6
341 415968 6
351 415972 6
361 418172 7
371 418932 7
381 418932 7
391 418932 7
401 418932 7
411 454412 8
421 376632 8
431 377612 8
441 377144 8
451 429320 9
461 377232 9
471 378564 9
481 378852 9
491 414180 10
501 414200 10
511 413444 10
522 413452 10
532 418168 10
542 424596 10
552 427168 10
562 432788 11
572 433192 11
582 433192 11
592 433192 11
602 433192 11
612 433192 11
622 461732 12
632 462680 12
642 462680 12
652 462680 12
662 462680 12
672 462680 12
682 462680 12
692 383528 13
702 385356 13
712 384852 13
722 421936 14
732 421964 14
742 421964 14
752 421968 14
762 421968 14
772 434372 15
782 435124 15
792 428724 15
802 428724 15
812 428724 15
822 442376 16
832 440836 16
842 440836 16
852 440836 16
862 440836 16
872 386784 17
882 385928 17
892 387312 17
902 387404 17
912 439304 18
922 389472 18
932 391012 18
942 390424 18
952 390388 18
962 386740 19
973 387684 19
983 388304 19
993 387744 19
1003 438456 20
1013 390364 20
1023 391488 20
1033 391916 20
1043 391304 20
1053 425608 21
1063 426376 21
1073 422812 21
1083 422812 21
1093 422816 21
1103 448100 22
1113 447332 22
1123 447332 22
1133 447340 22
1143 461772 23
1153 440252 23
1163 435644 23
1173 435644 23
1183 470196 24
1193 470272 24
1203 470276 24
1213 471644 25
1223 395212 25
1233 401908 25
1243 404900 26
1253 405576 26
1263 438760 27
1273 438772 27
1283 454352 27
1293 498192 28
1303 501752 28
1313 503476 28
1323 508860 29
1333 424540 29
1343 423388 29
1353 474180 30
1363 473360 30
1373 506260 31
1383 506288 31
1393 422360 32
1403 423800 32
1414 458988 33
1424 458740 33
1434 485320 34
1444 419976 34
1454 455492 35
1464 455492 35
1474 473672 36
1484 473744 36
1494 496324 37
1504 510288 38
1514 459368 39
1524 424912 41
1534 468364 42
1544 459636 45
1554 495252 47
1564 424980 49
1574 521444 52
1584 532536 56
1594 550864 61
1604 817204 123
exit=1
